1	2
101	8
201	9
301	10
401	10
501	10
601	11
701	11
801	11
901	11
1001	11
1101	12
1201	12
1301	12
1401	12
1501	12
1601	12
1701	12
1801	12
1901	12
2001	12
2101	13
2201	13
2301	13
2401	13
2501	13
2601	13
2701	13
2801	13
2901	13
3001	13
3101	13
3201	13
3301	13
3401	13
3501	13
3601	13
3701	13
3801	13
3901	13
4001	13
4101	14
4201	14
4301	14
4401	14
4501	14
4601	14
4701	14
4801	14
4901	14
5001	14
5101	14
5201	14
5301	14
5401	14
5501	14
5601	14
5701	14
5801	14
5901	14
6001	14
6101	14
6201	14
6301	14
6401	14
6501	14
6601	14
6701	14
6801	14
6901	14
7001	14
7101	14
7201	14
7301	14
7401	14
7501	14
7601	14
7701	14
7801	14
7901	14
8001	14
8101	14
8201	15
8301	15
8401	15
8501	15
8601	15
8701	15
8801	15
8901	15
9001	15
9101	15
9201	15
9301	15
9401	15
9501	15
9601	15
9701	15
9801	15
9901	15
10001	15
10101	15
10201	15
10301	15
10401	15
10501	15
10601	15
10701	15
10801	15
10901	15
11001	15
11101	15
11201	15
11301	15
11401	15
11501	15
11601	15
11701	15
11801	15
11901	15
12001	15
12101	15
12201	15
12301	15
12401	15
12501	15
12601	15
12701	15
12801	15
12901	15
13001	15
13101	15
13201	15
13301	15
13401	15
13501	15
13601	15
13701	15
13801	15
13901	15
14001	15
14101	15
14201	15
14301	15
14401	15
14501	15
14601	15
14701	15
14801	15
14901	15
15001	15
15101	15
15201	15
15301	15
15401	15
15501	15
15601	15
15701	15
15801	15
15901	15
16001	15
16101	15
16201	15
16301	15
16401	16
16501	16
16601	16
16701	16
16801	16
16901	16
17001	16
17101	16
17201	16
17301	16
17401	16
17501	16
17601	16
17701	16
17801	16
17901	16
18001	16
18101	16
18201	16
18301	16
18401	16
18501	16
18601	16
18701	16
18801	16
18901	16
19001	16
19101	16
19201	16
19301	16
19401	16
19501	16
19601	16
19701	16
19801	16
19901	16
20001	16
20101	16
20201	16
20301	16
20401	16
20501	16
20601	16
20701	16
20801	16
20901	16
21001	16
21101	16
21201	16
21301	16
21401	16
21501	16
21601	16
21701	16
21801	16
21901	16
22001	16
22101	16
22201	16
22301	16
22401	16
22501	16
22601	16
22701	16
22801	16
22901	16
23001	16
23101	16
23201	16
23301	16
23401	16
23501	16
23601	16
23701	16
23801	16
23901	16
24001	16
24101	16
24201	16
24301	16
24401	16
24501	16
24601	16
24701	16
24801	16
24901	16
25001	16
25101	16
25201	16
25301	16
25401	16
25501	16
25601	16
25701	16
25801	16
25901	16
26001	16
26101	16
26201	16
26301	16
26401	16
26501	16
26601	16
26701	16
26801	16
26901	16
27001	16
27101	16
27201	16
27301	16
27401	16
27501	16
27601	16
27701	16
27801	16
27901	16
28001	16
28101	16
28201	16
28301	16
28401	16
28501	16
28601	16
28701	16
28801	16
28901	16
29001	16
29101	16
29201	16
29301	16
29401	16
29501	16
29601	16
29701	16
29801	16
29901	16
30001	16
30101	16
30201	16
30301	16
30401	16
30501	16
30601	16
30701	16
30801	16
30901	16
31001	16
31101	16
31201	16
31301	16
31401	16
31501	16
31601	16
31701	16
31801	16
31901	16
32001	16
32101	16
32201	16
32301	16
32401	16
32501	16
32601	16
32701	16
32801	17
32901	17
33001	17
33101	17
33201	17
33301	17
33401	17
33501	17
33601	17
33701	17
33801	17
33901	17
34001	17
34101	17
34201	17
34301	17
34401	17
34501	17
34601	17
34701	17
34801	17
34901	17
35001	17
35101	17
35201	17
35301	17
35401	17
35501	17
35601	17
35701	17
35801	17
35901	17
36001	17
36101	17
36201	17
36301	17
36401	17
36501	17
36601	17
36701	17
36801	17
36901	17
37001	17
37101	17
37201	17
37301	17
37401	17
37501	17
37601	17
37701	17
37801	17
37901	17
38001	17
38101	17
38201	17
38301	17
38401	17
38501	17
38601	17
38701	17
38801	17
38901	17
39001	17
39101	17
39201	17
39301	17
39401	17
39501	17
39601	17
39701	17
39801	17
39901	17
40001	17
40101	17
40201	17
40301	17
40401	17
40501	17
40601	17
40701	17
40801	17
40901	17
41001	17
41101	17
41201	17
41301	17
41401	17
41501	17
41601	17
41701	17
41801	17
41901	17
42001	17
42101	17
42201	17
42301	17
42401	17
42501	17
42601	17
42701	17
42801	17
42901	17
43001	17
43101	17
43201	17
43301	17
43401	17
43501	17
43601	17
43701	17
43801	17
43901	17
44001	17
44101	17
44201	17
44301	17
44401	17
44501	17
44601	17
44701	17
44801	17
44901	17
45001	17
45101	17
45201	17
45301	17
45401	17
45501	17
45601	17
45701	17
45801	17
45901	17
46001	17
46101	17
46201	17
46301	17
46401	17
46501	17
46601	17
46701	17
46801	17
46901	17
47001	17
47101	17
47201	17
47301	17
47401	17
47501	17
47601	17
47701	17
47801	17
47901	17
48001	17
48101	17
48201	17
48301	17
48401	17
48501	17
48601	17
48701	17
48801	17
48901	17
49001	17
49101	17
49201	17
49301	17
49401	17
49501	17
49601	17
49701	17
49801	17
49901	17
50001	17
50101	17
50201	17
50301	17
50401	17
50501	17
50601	17
50701	17
50801	17
50901	17
51001	17
51101	17
51201	17
51301	17
51401	17
51501	17
51601	17
51701	17
51801	17
51901	17
52001	17
52101	17
52201	17
52301	17
52401	17
52501	17
52601	17
52701	17
52801	17
52901	17
53001	17
53101	17
53201	17
53301	17
53401	17
53501	17
53601	17
53701	17
53801	17
53901	17
54001	17
54101	17
54201	17
54301	17
54401	17
54501	17
54601	17
54701	17
54801	17
54901	17
55001	17
55101	17
55201	17
55301	17
55401	17
55501	17
55601	17
55701	17
55801	17
55901	17
56001	17
56101	17
56201	17
56301	17
56401	17
56501	17
56601	17
56701	17
56801	17
56901	17
57001	17
57101	17
57201	17
57301	17
57401	17
57501	17
57601	17
57701	17
57801	17
57901	17
58001	17
58101	17
58201	17
58301	17
58401	17
58501	17
58601	17
58701	17
58801	17
58901	17
59001	17
59101	17
59201	17
59301	17
59401	17
59501	17
59601	17
59701	17
59801	17
59901	17
60001	17
60101	17
60201	17
60301	17
60401	17
60501	17
60601	17
60701	17
60801	17
60901	17
61001	17
61101	17
61201	17
61301	17
61401	17
61501	17
61601	17
61701	17
61801	17
61901	17
62001	17
62101	17
62201	17
62301	17
62401	17
62501	17
62601	17
62701	17
62801	17
62901	17
63001	17
63101	17
63201	17
63301	17
63401	17
63501	17
63601	17
63701	17
63801	17
63901	17
64001	17
64101	17
64201	17
64301	17
64401	17
64501	17
64601	17
64701	17
64801	17
64901	17
65001	17
65101	17
65201	17
65301	17
65401	17
65501	17
65601	18
65701	18
65801	18
65901	18
66001	18
66101	18
66201	18
66301	18
66401	18
66501	18
66601	18
66701	18
66801	18
66901	18
67001	18
67101	18
67201	18
67301	18
67401	18
67501	18
67601	18
67701	18
67801	18
67901	18
68001	18
68101	18
68201	18
68301	18
68401	18
68501	18
68601	18
68701	18
68801	18
68901	18
69001	18
69101	18
69201	18
69301	18
69401	18
69501	18
69601	18
69701	18
69801	18
69901	18
70001	18
70101	18
70201	18
70301	18
70401	18
70501	18
70601	18
70701	18
70801	18
70901	18
71001	18
71101	18
71201	18
71301	18
71401	18
71501	18
71601	18
71701	18
71801	18
71901	18
72001	18
72101	18
72201	18
72301	18
72401	18
72501	18
72601	18
72701	18
72801	18
72901	18
73001	18
73101	18
73201	18
73301	18
73401	18
73501	18
73601	18
73701	18
73801	18
73901	18
74001	18
74101	18
74201	18
74301	18
74401	18
74501	18
74601	18
74701	18
74801	18
74901	18
75001	18
75101	18
75201	18
75301	18
75401	18
75501	18
75601	18
75701	18
75801	18
75901	18
76001	18
76101	18
76201	18
76301	18
76401	18
76501	18
76601	18
76701	18
76801	18
76901	18
77001	18
77101	18
77201	18
77301	18
77401	18
77501	18
77601	18
77701	18
77801	18
77901	18
78001	18
78101	18
78201	18
78301	18
78401	18
78501	18
78601	18
78701	18
78801	18
78901	18
79001	18
79101	18
79201	18
79301	18
79401	18
79501	18
79601	18
79701	18
79801	18
79901	18
80001	18
80101	18
80201	18
80301	18
80401	18
80501	18
80601	18
80701	18
80801	18
80901	18
81001	18
81101	18
81201	18
81301	18
81401	18
81501	18
81601	18
81701	18
81801	18
81901	18
82001	18
82101	18
82201	18
82301	18
82401	18
82501	18
82601	18
82701	18
82801	18
82901	18
83001	18
83101	18
83201	18
83301	18
83401	18
83501	18
83601	18
83701	18
83801	18
83901	18
84001	18
84101	18
84201	18
84301	18
84401	18
84501	18
84601	18
84701	18
84801	18
84901	18
85001	18
85101	18
85201	18
85301	18
85401	18
85501	18
85601	18
85701	18
85801	18
85901	18
86001	18
86101	18
86201	18
86301	18
86401	18
86501	18
86601	18
86701	18
86801	18
86901	18
87001	18
87101	18
87201	18
87301	18
87401	18
87501	18
87601	18
87701	18
87801	18
87901	18
88001	18
88101	18
88201	18
88301	18
88401	18
88501	18
88601	18
88701	18
88801	18
88901	18
89001	18
89101	18
89201	18
89301	18
89401	18
89501	18
89601	18
89701	18
89801	18
89901	18
90001	18
90101	18
90201	18
90301	18
90401	18
90501	18
90601	18
90701	18
90801	18
90901	18
91001	18
91101	18
91201	18
91301	18
91401	18
91501	18
91601	18
91701	18
91801	18
91901	18
92001	18
92101	18
92201	18
92301	18
92401	18
92501	18
92601	18
92701	18
92801	18
92901	18
93001	18
93101	18
93201	18
93301	18
93401	18
93501	18
93601	18
93701	18
93801	18
93901	18
94001	18
94101	18
94201	18
94301	18
94401	18
94501	18
94601	18
94701	18
94801	18
94901	18
95001	18
95101	18
95201	18
95301	18
95401	18
95501	18
95601	18
95701	18
95801	18
95901	18
96001	18
96101	18
96201	18
96301	18
96401	18
96501	18
96601	18
96701	18
96801	18
96901	18
97001	18
97101	18
97201	18
97301	18
97401	18
97501	18
97601	18
97701	18
97801	18
97901	18
98001	18
98101	18
98201	18
98301	18
98401	18
98501	18
98601	18
98701	18
98801	18
98901	18
99001	18
99101	18
99201	18
99301	18
99401	18
99501	18
99601	18
99701	18
99801	18
99901	18
